1
4 644850 4 4 201 1 1 4013101 1 26583 508895 315127 

2 
8 649891 12 6 320172 2 2674501 4013002 4 26597 508911 77492

3 
11 2774101 24 9 320175 3 503310 31754401 7 99567 508951 77490

4
73 27741 115 320191 320176 4 26748 2748701 8 99568 509001 77486

5
105 644849 4883 320194 320188 8 7741401 2800001 27957 99574 509060 77480

6
109 4504 5077 320195 320202 10 316351 2542001 27960 99606 509116 77467

7 
127 644850 27059 7 320211 26665 26758 31754101 27962 2658001 509149 77455

8  
135 649891 27068 5 508830 26667 2677401 50118801 27965 9961201 509192 77427

9 
145 2774101 27072 1 621772 26668 26777 2750202 27969 7 509197 26726

10 
149 27741 27114 10 630095 77369 26845 2750203 27973 8 508895 26724

11
153 644849 27118 320190 508769 77382 26750 2749402 27975 1 508971 26713

12
165 4504 27163 8 320203 282849 26849 2749201 27979 26581 509009 3

13
185 644850 27183 3 320198 315535 26852 2749202 27990 99594 509095 1

14 
5941 649891 27192 4 320196 77384 26858 1942001 27995 99607 509121 77460

15 
6080 2774101 318145 9 320175 77381 26774 323077 28003 99614 509271 77470

16 
27758 27741 27049001 1 14 26664 26855 119979 324467 99619 50916703 282859
